//Transfer Data: common parameter numbers (not flags)
//NB 162 is legacy version of tremolo-flutter

24 54
1 2 3
1 2 0

109 1091
0
0


119 1193
1 2 3 4 5 6 7 8 0
1 2 3 4 5 6 7 8 9

122 1223
1 2 3 4 5 6 7 8 9 0
1 2 3 4 5 6 7 8 9 10

126 127 128
1 2 3 4 5 6 7 8 9 10 11 12 13 14 15 16 17 18 19 20 21 22 23 24 25
1 2 3 4 5 6 7 8 9 10 11 12 13 14 15 16 17 18 19 20 21 22 23 24 25

129 130 131
1 2 3 4 5 6 7 8 9 10 11 12 13 14 15 16 17 18 19 20 21 22 23 24 25
1 2 3 4 5 6 7 8 9 10 11 12 13 14 15 16 17 18 19 20 21 22 23 24 25

132 133
1 2 3 4 5 6 7 8 9 10 11 12 13 14 15 16 17 18 19 20 21 22
1 2 3 4 5 6 7 8 9 10 11 12 13 14 15 16 17 18 19 20 21 22

136 137
1 2 3 4 5 6 7 8 9 10 11 12 13 14 15 16 17 18 19 20
1 2 3 4 5 6 7 8 9 10 11 12 13 14 15 16 17 18 19 20

162 1621
1 2 3 4 
1 2 3 0

1622 1621
1 2 3 4 
1 2 3 0

172 173
1 0
1 0

1982 1983
1 2 3 4 0 0 0
1 2 3 4 5 6 7

2012 2017
1 2 3 0
1 2 3 4


212 2121 2124
3  2  3  4
1  0  1  0
1  0  1  0


2778 2779
1 2 3 4 5 6 7 8 9 10 11 12
0 2 3 4 5 6 7 8 9 10 11 12

4221 4676
1
1

4241 4675
1 2 3 4
1 2 7 8

4251 4677
0
0

4261 4678
0 0 3
0 0 3

4271 4701
1 2 3
0 2 0

12 470 4611
0 2
1 2
1 0

4631 463
1 2 3
0 0 0

32 464
1
0

40 4674
1 2 3 4
1 0 6 7

206 208
1 2 3 4 5
1 2 3 4 0



