60
#5
0.0  1 60 0 0
3.0  1 62 0 0
6.0  1 63 0 0
9.0  1 65 0 0
12.0 1 67 0 0
#17
0.0 1 60 0 0
0.0 1 62 0 0
0.0 1 63 0 0
0.0 1 64 0 0
0.0 1 65 0 0
0.0 1 66 0 0
0.0 1 67 0 0
0.0 1 68 0 0
0.0 1 69 0 0
0.0 1 70 0 0
0.0 1 71 0 0
0.0 1 72 0 0
0.0 1 73 0 0
0.0 1 74 0 0
0.0 1 75 0 0
0.0 1 76 0 0
0.0 1 77 0 0
#8
0.0    1 60 60 0.5
0.25   1 62 55 0.5
0.5    1 63 65 0.5
0.8333 1 62 55 0.5
1.0    1 63 70 0.5
1.25   1 65 65 0.5
1.5    1 63 60 0.5
1.75   1 62 55 0.5
#8
0.0    1 60 70 0.5
0.2    1 63 72 0.5
0.4    1 62 74 0.5
0.6    1 65 76 0.5
0.8    1 63 78 0.5
1.0    1 66 90 0.5
1.5    1 67 85 0.5
1.75   1 66 85 0.5
#6
0.0    1 60 60 0.5
0.34   1 63 50 0.5
0.67   1 67 50 0.5
1.00   1 62 60 0.5
1.25   1 62 45 0.5
1.50   1 66 50 0.5
#6
0.0    1 60 50 0.5
0.25   1 67 60 0.5
0.75   1 60 40 0.5
1.00   1 65 70 0.5
1.50   1 65 70 0.5
1.75   1 62 65 0.5
#14
0.0   1 60 40 0.5
0.125 1 62 45 0.5
0.25  1 63 50 0.5
0.375 1 65 55 0.5
0.5   1 67 60 0.5
0.625 1 65 55 0.5
0.75  1 63 50 0.5
0.875 1 62 45 0.5
1.0   1 63 70 0.5
1.17  1 65 65 0.5
1.33  1 67 70 0.5
1.5   1 65 65 0.5
1.66  1 63 70 0.5
1.83  1 62 70 0.5

