4632
20108
34751
40382
168246
333623
350432
498124
499456
658636
706714
787860
796683
806407
813881
818719
822251
825389
829775
844418
847929
859412
869131
876609
881076
887555
893718
896339
897241
898561
899436
914902
917107
922366
932499
933394
936916
939134
946174
961172
964280
966027
969109
972648
984112
986320
998578
1002191
1005335
1009405
1015405
1026535
1030429
1035734
1043633
1048067
1056864
1063491
1068332
1070984
1081580
1088612
1106274
1107160
1108059
1112879
1115979
1134492
1136242
1137563
1141130
1141982
1143753
1146410
1154342
1173366
1185398
1212981
1220104
1235464
1236795
1242995
1246491
1249164
1250469
1252242
1255316
1257080
1262809
1275603
1287974
1288835
1293732
1304748
1313534
1343798
1363408
1379671
1392029
